
# Coesao
metricas_coesao = ['lcom', 'tcc', 'lcc']
dados_coesao = np.array([[[63.3 ,  0.  , 25.59],
      [30.56, 32.97, 25.37],
      [27.78,  7.78, 53.33]],
    
     [[53.53,  0.  , 24.24],
      [19.96, 39.83, 17.99],
      [19.73,  7.14, 50.9 ]],
    
     [[40.76,  0.  , 25.91],
      [23.77, 23.76, 19.14],
      [19.76,  3.7 , 43.21]],
    
     [[20.  ,  0.  , 13.33],
      [16.11, 14.44,  2.78],
      [16.11,  6.67, 10.56]]])

# Acoplamento
metricas_acoplamento = ['cbo', 'fanin', 'fanout', 'rfc']
dados_acoplamento = np.array([[[88.89,  0.  ,  0.  ],
      [74.16, 14.73,  0.  ],
      [88.89,  0.  ,  0.  ],
      [72.68, 11.21,  5.  ]],
    
     [[77.78,  0.  ,  0.  ],
      [53.4 , 24.38,  0.  ],
      [74.42,  3.36,  0.  ],
      [56.87, 14.78,  6.13]],
    
     [[66.67,  0.  ,  0.  ],
      [54.64, 11.01,  1.01],
      [64.44,  2.22,  0.  ],
      [55.4 , 11.27,  0.  ]],
    
     [[33.33,  0.  ,  0.  ],
      [25.56,  7.78,  0.  ],
      [33.33,  0.  ,  0.  ],
      [22.78, 10.56,  0.  ]]])

# Tamanho1
metricas_tamanho1 = ['wmc', 'loc', 'totalMethodsQty', 'staticMethodsQty', 'publicMethodsQty', 'abstractMethodsQty', 'finalMethodsQty', 'synchronizedMethodsQty']
dados_tamanho1 = np.array([[[51.08, 30.59,  7.22],
      [57.38, 24.29,  7.22],
      [61.57, 25.1 ,  2.22],
      [79.81,  6.3 ,  2.78],
      [55.46, 28.43,  5.  ],
      [88.89,  0.  ,  0.  ],
      [88.89,  0.  ,  0.  ],
      [88.89,  0.  ,  0.  ]],
    
     [[34.23, 37.41,  6.13],
      [36.33, 29.76, 11.69],
      [34.34, 40.31,  3.13],
      [71.64,  0.  ,  6.13],
      [30.38, 38.02,  9.37],
      [77.78,  0.  ,  0.  ],
      [77.78,  0.  ,  0.  ],
      [77.78,  0.  ,  0.  ]],
    
     [[35.94, 27.94,  2.78],
      [51.96, 11.93,  2.78],
      [48.72, 17.94,  0.  ],
      [63.89,  0.  ,  2.78],
      [32.47, 34.2 ,  0.  ],
      [66.67,  0.  ,  0.  ],
      [66.67,  0.  ,  0.  ],
      [66.67,  0.  ,  0.  ]],
    
     [[12.22, 18.89,  2.22],
      [15.  , 16.11,  2.22],
      [10.  , 23.33,  0.  ],
      [33.33,  0.  ,  0.  ],
      [ 5.  , 25.56,  2.78],
      [33.33,  0.  ,  0.  ],
      [33.33,  0.  ,  0.  ],
      [33.33,  0.  ,  0.  ]]])

# Tamanho2
metricas_tamanho2 = ['totalFieldsQty', 'publicFieldsQty', 'finalFieldsQty', 'staticFieldsQty', 'synchronizedFieldsQty', 'anonymousClassesQty', 'innerClassesQty']
dados_tamanho2 = np.array([[[55.44, 29.  ,  4.44],
      [88.89,  0.  ,  0.  ],
      [88.89,  0.  ,  0.  ],
      [83.89,  5.  ,  0.  ],
      [88.89,  0.  ,  0.  ],
      [88.89,  0.  ,  0.  ],
      [88.89,  0.  ,  0.  ]],
    
     [[42.04, 25.38, 10.36],
      [77.78,  0.  ,  0.  ],
      [77.78,  0.  ,  0.  ],
      [71.64,  5.12,  1.01],
      [77.78,  0.  ,  0.  ],
      [77.78,  0.  ,  0.  ],
      [77.78,  0.  ,  0.  ]],
    
     [[55.76, 10.91,  0.  ],
      [66.67,  0.  ,  0.  ],
      [66.67,  0.  ,  0.  ],
      [66.67,  0.  ,  0.  ],
      [66.67,  0.  ,  0.  ],
      [66.67,  0.  ,  0.  ],
      [66.67,  0.  ,  0.  ]],
    
     [[20.  , 10.56,  2.78],
      [33.33,  0.  ,  0.  ],
      [33.33,  0.  ,  0.  ],
      [33.33,  0.  ,  0.  ],
      [33.33,  0.  ,  0.  ],
      [33.33,  0.  ,  0.  ],
      [33.33,  0.  ,  0.  ]]])

# Tamanho3
metricas_tamanho3 = ['numbersQty', 'assignmentsQty', 'stringLiteralsQty', 'variablesQty', 'lambdasQty', 'uniqueWordsQty', 'logStatementsQty', 'modifiers']
dados_tamanho3 = np.array([[[49.42, 26.03, 13.44],
      [51.09, 30.58,  7.22],
      [43.01, 28.73, 17.14],
      [57.38, 22.7 ,  8.81],
      [83.89,  2.78,  2.22],
      [79.81,  9.08,  0.  ],
      [88.89,  0.  ,  0.  ],
      [84.26,  0.  ,  4.63]],
    
     [[45.16, 14.14, 18.48],
      [36.43, 35.21,  6.13],
      [42.32, 19.76, 15.7 ],
      [42.71, 28.93,  6.13],
      [77.78,  0.  ,  0.  ],
      [66.09,  7.8 ,  3.89],
      [77.78,  0.  ,  0.  ],
      [69.44,  5.56,  2.78]],
    
     [[35.03, 26.08,  5.56],
      [44.93, 21.73,  0.  ],
      [34.58, 23.39,  8.7 ],
      [51.87, 12.02,  2.78],
      [64.44,  2.22,  0.  ],
      [63.89,  2.78,  0.  ],
      [66.67,  0.  ,  0.  ],
      [61.11,  0.  ,  5.56]],
    
     [[ 7.78, 17.78,  7.78],
      [11.67, 19.44,  2.22],
      [ 5.56, 15.  , 12.78],
      [20.  , 11.11,  2.22],
      [33.33,  0.  ,  0.  ],
      [20.  , 13.33,  0.  ],
      [33.33,  0.  ,  0.  ],
      [28.33,  0.  ,  5.  ]]])

# Tamanho4
metricas_tamanho4 = ['returnQty', 'loopQty', 'comparisonsQty', 'tryCatchQty ', 'parenthesizedExpsQty', 'mathOperationsQty', 'maxNestedBlocksQty']
dados_tamanho4 = np.array([[[50.46, 38.43,  0.  ],
      [82.86,  6.03,  0.  ],
      [82.86,  6.03,  0.  ],
      [88.89,  0.  ,  0.  ],
      [88.89,  0.  ,  0.  ],
      [88.89,  0.  ,  0.  ],
      [61.19, 23.89,  3.81]],
    
     [[30.81, 41.97,  5.  ],
      [71.64,  2.24,  3.89],
      [74.42,  3.36,  0.  ],
      [77.78,  0.  ,  0.  ],
      [77.78,  0.  ,  0.  ],
      [64.32,  5.56,  7.9 ],
      [52.23, 22.69,  2.87]],
    
     [[47.26, 19.41,  0.  ],
      [66.67,  0.  ,  0.  ],
      [63.89,  2.78,  0.  ],
      [66.67,  0.  ,  0.  ],
      [66.67,  0.  ,  0.  ],
      [61.11,  5.56,  0.  ],
      [51.96, 11.93,  2.78]],
    
     [[11.11, 22.22,  0.  ],
      [30.56,  2.78,  0.  ],
      [31.11,  2.22,  0.  ],
      [33.33,  0.  ,  0.  ],
      [33.33,  0.  ,  0.  ],
      [15.  , 18.33,  0.  ],
      [22.78, 10.56,  0.  ]]])

# Ocultacao
metricas_ocultacao = ['privateMethodsQty', 'protectedMethodsQty', 'defaultMethodsQty', 'privateFieldsQty', 'protectedFieldsQty', 'defaultFieldsQty']
dados_ocultacao = np.array([[[86.67,  2.22,  0.  ],
      [88.89,  0.  ,  0.  ],
      [88.89,  0.  ,  0.  ],
      [59.31, 25.13,  4.44],
      [88.89,  0.  ,  0.  ],
      [77.78, 11.11,  0.  ]],
    
     [[71.64,  0.  ,  6.13],
      [77.78,  0.  ,  0.  ],
      [77.78,  0.  ,  0.  ],
      [29.82, 38.02,  9.92],
      [75.  ,  0.  ,  2.78],
      [77.78,  0.  ,  0.  ]],
    
     [[63.89,  2.78,  0.  ],
      [66.67,  0.  ,  0.  ],
      [65.66,  1.01,  0.  ],
      [44.02, 22.64,  0.  ],
      [66.67,  0.  ,  0.  ],
      [66.67,  0.  ,  0.  ]],
    
     [[27.78,  5.56,  0.  ],
      [33.33,  0.  ,  0.  ],
      [33.33,  0.  ,  0.  ],
      [12.22, 21.11,  0.  ],
      [30.56,  2.78,  0.  ],
      [33.33,  0.  ,  0.  ]]])

# Heranca
metricas_heranca = ['dit', 'noc', 'nosi']
dados_heranca = np.array([[[88.89,  0.  ,  0.  ],
      [88.89,  0.  ,  0.  ],
      [75.44,  8.44,  5.  ]],
    
     [[77.78,  0.  ,  0.  ],
      [77.78,  0.  ,  0.  ],
      [64.23,  7.41,  6.13]],
    
     [[66.67,  0.  ,  0.  ],
      [66.67,  0.  ,  0.  ],
      [58.89,  7.78,  0.  ]],
    
     [[33.33,  0.  ,  0.  ],
      [33.33,  0.  ,  0.  ],
      [24.44,  8.89,  0.  ]]])